#Cell_Idx|Cell_Z|Cell_X|Master_Idx|Parent_Idx|Tier
#C_Idx|C_Z|C_X|M_Idx|P_Idx|Tier
1|-3421|6409|0|0|1
2|1905|-9319|0|0|1
3|-7744|5208|0|0|1
4|-14791|-12627|0|0|1
5|14269|279|0|0|1
6|-7163|23056|0|0|1
7|-9453|6428|0|0|1
8|-23412|-1340|0|0|1
9|-14166|2973|0|0|1
10|1374|10662|0|0|1
11|-23264|23797|0|0|1
12|7017|8662|0|0|1
13|8938|-12375|0|0|1
#
14|-9619|-11276|4|4|2
15|14903|-17764|13|13|2
16|-6761|-12531|4|4|2
17|17323|14676|12|12|2
18|2227|12385|10|10|2
19|3958|-2858|2|2|2
20|12962|12918|12|12|2
21|19989|23365|12|12|2
22|3205|7720|10|10|2
23|20835|-288|5|5|2
24|2285|-15339|2|2|2
25|-3588|19548|6|6|2
26|9837|5687|12|12|2
27|16436|-22265|13|13|2
28|7205|-22805|13|13|2
29|3281|14204|10|10|2
30|-10034|-21560|4|4|2
31|-12771|-11335|4|4|2
32|2173|-10770|2|2|2
33|6432|7227|12|12|2
34|16083|9400|12|12|2
35|19273|-9331|13|13|2
36|16469|2130|5|5|2
37|-3938|-12459|2|2|2
38|19344|5323|5|5|2
39|-10444|-14610|4|4|2
40|7863|6618|12|12|2
41|6416|8545|12|12|2
42|17934|-22249|13|13|2
43|-8204|8671|7|7|2
44|-2840|-21328|2|2|2
45|-13001|20813|6|6|2
46|-13522|3878|9|9|2
47|-9225|22390|6|6|2
48|1573|17143|10|10|2
49|-5994|21620|6|6|2
50|-12402|3313|9|9|2
51|20861|-15115|13|13|2
52|8412|-8179|13|13|2
53|-13054|-10148|4|4|2
54|-11767|4899|7|7|2
55|-346|163|1|1|2
56|-22357|-7935|8|8|2
57|11101|10580|12|12|2
58|7603|-10059|13|13|2
59|20106|12444|5|5|2
60|-22621|4707|8|8|2
61|5240|18825|10|10|2
62|7795|-6589|13|13|2
63|-14865|8835|9|9|2
64|-3589|-10142|2|2|2
65|16123|-20646|13|13|2
66|10567|8753|12|12|2
67|1642|-22332|13|13|2
68|16809|6837|5|5|2
69|4070|20568|10|10|2
70|-12104|-22345|4|4|2
71|20872|-3072|5|5|2
72|-20860|7089|9|9|2
73|18186|9411|5|5|2
74|8487|21009|12|12|2
75|-75|-19226|2|2|2
76|11697|17068|12|12|2
77|21524|-13676|13|13|2
78|14168|-1638|5|5|2
79|8819|14206|12|12|2
80|19440|18474|12|12|2
81|-4823|-11484|2|2|2
82|22887|1102|5|5|2
83|-234|-12979|2|2|2
84|10340|-20756|13|13|2
85|10232|-12176|13|13|2
86|8945|-993|5|5|2
87|-7973|-3561|3|3|2
88|-2876|-5143|2|2|2
89|-18726|-19827|4|4|2
90|-13616|-12689|4|4|2
91|-11229|-20175|4|4|2
92|19947|15031|12|12|2
93|-7142|2139|3|3|2
94|23242|-21548|13|13|2
95|-2611|-6561|2|2|2
96|3572|-601|2|2|2
97|-11244|11904|7|7|2
98|-18407|20312|11|11|2
99|-22318|-8987|8|8|2
100|-22427|-16834|4|4|2
101|19218|-16666|13|13|2
102|4153|2021|12|12|2
103|11010|-2147|5|5|2
104|-5739|-19921|4|4|2
105|-13226|634|9|9|2
106|12839|-6844|13|13|2
107|21910|6085|5|5|2
108|-9777|-17651|4|4|2
109|13890|16197|12|12|2
110|12712|16661|12|12|2
111|677|-13445|2|2|2
112|19325|18581|12|12|2
113|-11259|-13272|4|4|2
114|-13784|-5073|4|4|2
115|-10651|9684|7|7|2
116|-18962|-10258|4|4|2
117|-5918|16166|6|6|2
118|4279|11798|10|10|2
119|5241|9348|12|12|2
120|8306|-20713|13|13|2
121|7206|-15316|13|13|2
122|-3894|-15146|2|2|2
123|-20154|-12164|4|4|2
124|10798|17905|12|12|2
125|683|-3163|2|2|2
126|2130|19296|10|10|2
127|8406|-22571|13|13|2
128|14141|22181|12|12|2
129|17758|16671|12|12|2
130|-22220|-19503|4|4|2
131|18648|104|5|5|2
132|-10530|14658|7|7|2
133|-839|16070|10|10|2
134|7174|-2969|5|5|2
135|17532|-12036|13|13|2
136|-19704|-7542|4|4|2
137|3901|8668|12|12|2
138|939|12436|10|10|2
139|5540|-13960|13|13|2
140|-10847|7087|7|7|2
141|13530|-6280|5|5|2
142|6846|3239|12|12|2
143|4195|-20927|13|13|2
144|-11235|-1141|9|9|2
145|-13898|15892|6|6|2
146|-2751|-3304|2|2|2
147|8655|-6389|13|13|2
148|10383|6719|12|12|2
149|5846|-13701|13|13|2
150|-19719|2506|8|8|2
151|1095|-973|2|2|2
152|-20124|-7851|4|4|2
153|10708|-22015|13|13|2
154|9935|17021|12|12|2
155|-3464|10125|1|1|2
156|3803|794|12|12|2
157|-11697|-2506|9|9|2
158|-9423|15182|6|6|2
159|2772|21544|6|6|2
160|-21665|8077|9|9|2
161|18106|-17530|13|13|2
162|11512|6218|12|12|2
163|-173|-2179|2|2|2
164|-11667|20914|6|6|2
165|-11493|-9899|4|4|2
166|-15475|-3383|9|9|2
167|-12560|11218|7|7|2
168|-10059|20670|6|6|2
169|17564|6240|5|5|2
170|5778|-15480|13|13|2
171|-8603|10038|7|7|2
172|-5887|-10301|2|2|2
173|-15748|21003|11|11|2
174|-23746|20809|11|11|2
175|-14184|6088|9|9|2
176|21185|-20239|13|13|2
177|2297|22954|6|6|2
178|8218|11616|12|12|2
179|16086|10308|12|12|2
180|-17419|13734|7|7|2
181|20363|-4420|5|5|2
182|-9448|-21271|4|4|2
183|9685|-2789|5|5|2
184|-6748|17287|6|6|2
185|-528|12631|10|10|2
186|7473|13296|12|12|2
187|-17025|-21142|4|4|2
188|2892|10060|10|10|2
189|18594|-13257|13|13|2
190|11518|-19828|13|13|2
191|20519|-18473|13|13|2
192|-23473|-2373|8|8|2
193|9107|4400|12|12|2
194|1932|-22439|13|13|2
195|11078|-13445|13|13|2
196|-23548|1491|8|8|2
197|-14550|19175|6|6|2
198|7509|-5726|2|2|2
199|14221|9862|12|12|2
200|-13083|22075|6|6|2
201|-22500|-13074|4|4|2
202|-18756|22441|11|11|2
203|21278|-8965|5|5|2
204|-17805|11642|9|9|2
205|-11385|-23069|4|4|2
206|13392|-22548|13|13|2
207|23439|12444|5|5|2
208|20440|-18964|13|13|2
209|-4626|-5910|2|2|2
210|-11005|21047|6|6|2
211|2662|-12965|2|2|2
212|10040|-9232|13|13|2
213|-18260|-1886|8|8|2
214|-14622|3194|9|9|2
215|-8464|-3274|9|9|2
216|23094|11081|5|5|2
217|17054|18552|12|12|2
218|5416|-9792|2|2|2
219|8040|5698|12|12|2
220|10244|-13752|13|13|2
221|19876|-11756|13|13|2
#
222|10589|-22475|13|153|3
223|15373|10756|12|179|3
224|-18401|7091|9|72|3
225|23118|-18299|13|191|3
226|-9582|-22239|4|30|3
227|-3236|11678|10|155|3
228|21660|17875|12|80|3
229|-17567|-8958|4|116|3
230|-17182|10964|9|204|3
231|-23351|-16985|4|100|3
232|-5671|-3684|3|87|3
233|-19091|-13649|4|123|3
234|23122|19371|12|80|3
235|3430|-17980|13|24|3
236|-896|17777|10|133|3
237|16770|-6532|5|141|3
238|2201|-23186|13|194|3
239|-16303|-19759|4|187|3
240|-9023|10970|7|171|3
241|-17166|-22757|4|187|3
242|8830|365|5|86|3
243|7599|-22241|13|28|3
244|-12209|-3312|9|157|3
245|7473|20890|10|74|3
246|20106|-13562|13|77|3
247|989|17172|10|48|3
248|-3524|-5516|2|88|3
249|22717|21013|12|21|3
250|6120|21398|10|69|3
251|9204|-3027|5|183|3
252|12306|-12749|13|195|3
253|17711|-12019|13|135|3
254|1294|-20675|13|67|3
255|-9650|18579|6|168|3
256|9337|-3088|5|183|3
257|-23809|10774|8|160|3
258|-18438|-22470|4|187|3
259|23066|7318|5|107|3
260|-21193|11021|9|160|3
261|14475|16167|12|109|3
262|-19386|15621|11|180|3
263|1206|-10916|2|32|3
264|2710|8164|10|22|3
265|-9316|19065|6|168|3
266|-16391|-2682|9|166|3
267|-14103|-17417|4|91|3
268|-982|-23563|2|67|3
269|9250|21118|12|74|3
270|3135|-4420|2|19|3
271|-11919|-19839|4|91|3
272|-3633|15236|10|117|3
273|-7475|16175|6|184|3
274|-10140|17947|6|168|3
275|7977|-1185|5|86|3
276|15683|8042|5|34|3
277|7955|-18|5|86|3
278|8368|19125|12|74|3
279|9392|-16426|13|121|3
280|9561|22610|12|74|3
281|-17376|-2232|8|213|3
282|2258|-19881|13|143|3
283|-17437|3375|9|150|3
284|149|-6879|2|95|3
285|-3693|-17502|2|122|3
286|5212|10871|12|118|3
287|23744|9696|5|216|3
288|-16788|17789|11|197|3
289|-18441|-2005|8|213|3
290|544|4760|1|22|3
291|23673|-1764|5|82|3
292|-23790|-8534|8|99|3
293|22304|-22209|13|94|3
294|-15310|-23228|4|187|3
295|10362|20874|12|74|3
296|18207|-12135|13|135|3
297|3745|-9050|2|218|3
298|-16226|3219|9|214|3
299|-6076|-23915|4|104|3
300|7235|-15404|13|121|3
301|-4567|-7268|2|209|3
302|-13480|293|9|105|3
303|15144|-6918|5|141|3
304|-3801|6580|1|155|3
305|13798|-14588|13|195|3
306|21124|23333|12|21|3
307|5827|-4217|2|134|3
308|-15199|-8843|4|53|3
309|10054|9437|12|66|3
310|-2433|3028|1|55|3
311|-1007|10654|10|185|3
312|3503|18254|10|126|3
313|4459|10204|12|119|3
314|-4361|5063|1|93|3
315|8486|9909|12|178|3
316|14876|-21813|13|27|3
317|-2966|-17915|2|122|3
318|-9802|5442|7|140|3
319|-20038|-652|8|213|3
320|-3684|-15782|2|122|3
321|-22870|14185|11|180|3
322|-4540|-6073|2|209|3
323|405|17643|10|48|3
324|-12972|-427|9|105|3
325|6180|9705|12|119|3
326|-16733|14653|7|180|3
327|13657|-4970|5|141|3
328|15436|16265|12|109|3
329|17394|-7023|5|35|3
330|-5734|-2393|3|87|3
331|8375|5188|12|219|3
332|8267|12308|12|178|3
333|16526|-18133|13|15|3
334|-3641|15140|10|117|3
335|-22878|-3805|8|192|3
336|20056|8707|5|73|3
337|-6522|12074|7|171|3
338|835|23980|6|177|3
339|18019|-7576|5|35|3
340|-1068|16512|10|133|3
341|-9475|-6716|4|87|3
342|18209|-249|5|131|3
343|2089|11438|10|18|3
344|-14951|-12185|4|90|3
345|-3064|13040|10|185|3
346|-22662|-3111|8|192|3
347|-4790|9319|1|155|3
348|1465|-21482|13|67|3
349|15035|-21473|13|65|3
350|-19765|-3235|8|213|3
351|3560|-11991|2|211|3
352|6513|-23074|13|28|3
353|18388|19677|12|112|3
354|11411|18559|12|124|3
355|16183|-4584|5|141|3
356|17927|8842|5|73|3
357|-15448|14391|7|180|3
358|23463|6175|5|107|3
359|-12657|-5771|4|114|3
360|14848|2955|5|36|3
361|20459|-5709|5|181|3
362|-5396|22281|6|49|3
363|15748|-16843|13|15|3
364|13632|17558|12|110|3
365|-9386|-15554|4|39|3
366|-1841|-21179|2|44|3
367|-22290|-2335|8|192|3
368|10180|18202|12|124|3
369|21815|-6819|5|203|3
370|14244|-10526|13|135|3
371|-4855|7622|1|155|3
372|-11146|-17720|4|108|3
373|3724|-8088|2|218|3
374|12778|4975|5|162|3
375|5971|-23016|13|28|3
376|14021|10062|12|199|3
377|8884|-22939|13|127|3
378|17083|-21163|13|65|3
379|6994|16335|12|79|3
380|-10102|-18552|4|108|3
381|-12287|9819|7|167|3
382|-10338|18428|6|168|3
383|7458|-18276|13|120|3
384|-16500|-19640|4|187|3
385|-870|12696|10|185|3
386|-12237|1030|9|105|3
387|-14676|21473|6|173|3
388|13137|-20921|13|206|3
389|-10828|-3618|9|157|3
390|-15783|15134|7|145|3
391|2915|-8536|2|32|3
392|-7684|-12115|4|16|3
393|12849|18798|12|76|3
394|-22890|-4769|8|192|3
395|17212|10336|12|179|3
396|-9556|4161|3|54|3
397|-19093|18784|11|98|3
398|17791|-18434|13|161|3
399|-1007|10958|10|185|3
400|-15982|8791|9|63|3
401|6705|-22041|13|28|3
402|-11219|4364|7|54|3
403|6372|2104|12|142|3
404|-20858|8711|9|160|3
405|-4382|8659|1|155|3
406|-18765|-4208|8|213|3
407|3490|12674|10|118|3
408|-23576|1412|8|196|3
409|-19563|11172|9|204|3
410|13006|-21347|13|206|3
411|-11889|4206|9|54|3
412|-10703|-18111|4|108|3
413|9287|1144|5|86|3
414|22806|-19730|13|176|3
415|18483|14619|12|17|3
416|9202|-18858|13|120|3
417|14817|14123|12|20|3
418|-17295|-13855|4|123|3
419|-19230|-23695|4|187|3
420|-20134|10859|9|204|3
421|-17431|-7378|4|136|3
422|-6989|11795|7|171|3
423|8263|-4516|5|198|3
424|9197|-1381|5|86|3
425|-16923|-15527|4|90|3
426|-16203|-18796|4|187|3
427|76|-23751|13|67|3
428|-10083|1438|9|144|3
429|-16946|15343|11|180|3
430|8112|2894|12|142|3
431|9572|5625|12|26|3
432|-16827|18594|11|98|3
433|1151|-15473|2|24|3
434|10086|-13157|13|220|3
435|15320|-20680|13|65|3
436|8052|2804|12|142|3
437|-14602|8353|9|63|3
438|-17440|-2079|8|213|3
439|567|21815|6|177|3
440|-19780|17550|11|98|3
441|-7106|-23968|4|182|3
442|-21491|4234|8|60|3
443|-3695|21341|6|25|3
444|4030|16347|10|29|3
445|22335|17596|12|80|3
446|19161|17970|12|80|3
447|12075|-11659|13|85|3
448|358|-355|1|55|3
449|-17460|-16113|4|89|3
450|15692|1242|5|36|3
451|11410|19822|12|124|3
452|13938|-19356|13|15|3
453|-17663|18516|11|98|3
454|-7210|23976|6|47|3
455|-17948|21860|11|202|3
456|16075|16368|12|129|3
457|21050|11870|5|59|3
458|868|13536|10|138|3
459|10163|-13098|13|220|3
460|23760|8173|5|107|3
461|20847|-22271|13|176|3
462|15669|7529|5|68|3
463|-8395|-20372|4|182|3
464|8504|10437|12|178|3
465|-14611|-17308|4|91|3
466|-2773|-22279|2|44|3
467|-15349|2889|9|214|3
468|15302|-11001|13|135|3
469|3026|-19130|13|143|3
470|-22912|18333|11|174|3
471|15402|16042|12|109|3
472|4437|18352|10|61|3
473|-2557|-6972|2|95|3
474|-4757|-5377|2|209|3
475|-3437|21080|6|25|3
476|1622|12938|10|18|3
477|-15593|-7411|4|114|3
478|15548|-13218|13|135|3
479|1970|-12537|2|211|3
480|-5265|-2928|3|146|3
481|-177|4453|1|55|3
482|-20284|-11255|4|123|3
483|-22691|-2971|8|192|3
484|15844|-5517|5|141|3
485|-20011|-13488|4|123|3
486|-1114|21926|6|25|3
487|286|21350|6|159|3
488|-14454|9517|7|63|3
489|-10758|615|9|144|3
490|15416|18828|12|217|3
491|-11756|-474|9|144|3
492|-20681|-19301|4|130|3
493|-3521|-11698|2|37|3
494|20896|3262|5|38|3
495|-2918|-8904|2|64|3
496|-1838|10116|10|155|3
497|411|6522|1|22|3
498|22311|3789|5|107|3
499|21698|18459|12|80|3
500|-4134|-18526|2|104|3
501|22948|-3804|5|71|3
502|-11110|-2300|9|157|3
503|-2945|23414|6|49|3
504|-15236|-12248|4|90|3
505|21939|-23702|13|94|3
506|-21472|10706|9|160|3
507|-18947|-14118|4|123|3
508|-14110|-5008|4|114|3
509|-21262|22531|11|202|3
510|-13202|-21607|4|70|3
511|-1502|14102|10|185|3
512|-1180|23059|6|177|3
513|-14706|-13816|4|90|3
514|-23566|-590|8|192|3
515|14002|-6533|5|141|3
516|2462|-21736|13|194|3
517|2376|-14552|2|24|3
518|21228|-14482|13|51|3
519|330|1690|1|55|3
520|11312|19750|12|124|3
521|2104|3446|1|102|3
522|1210|-16502|2|24|3
523|14813|10407|12|199|3
524|10035|-2621|5|183|3
525|-4931|-5902|2|209|3
526|-16083|-15267|4|90|3
527|6409|-16791|13|170|3
528|21270|-4231|5|181|3
529|23992|10690|5|216|3
530|345|6607|1|22|3
531|2504|-3223|2|19|3
532|3848|-8395|2|218|3
533|20159|-6324|5|181|3
534|19328|-8401|5|35|3
535|15673|12666|12|179|3
536|-157|4185|1|55|3
537|-23550|18706|11|174|3
538|15750|-4093|5|78|3
539|15056|18743|12|217|3
540|23740|-5261|5|181|3
541|9875|-11062|13|85|3
542|12815|-19673|13|190|3
543|-12516|13802|7|132|3
544|-11121|19865|6|164|3
545|408|-21249|2|67|3
546|-5516|9025|1|155|3
547|2780|-21064|13|143|3
548|-21259|-9718|4|99|3
549|-143|14078|10|185|3
550|7396|-20393|13|120|3
551|-7053|12200|7|171|3
552|4250|8945|12|137|3
553|-8175|16289|6|158|3
554|7454|-5919|2|198|3
555|-11726|-9514|4|165|3
556|-4504|-23354|4|44|3
557|665|10867|10|138|3
558|-14592|20831|6|173|3
559|7985|13579|12|186|3
560|10122|-20689|13|84|3
561|16030|-6193|5|141|3
562|-6447|-19229|4|104|3
563|-317|-16252|2|24|3
564|-18501|-23508|4|187|3
565|-8449|-5981|4|87|3
566|-13223|-11530|4|31|3
567|16681|5259|5|169|3
568|16022|-1552|5|78|3
569|14796|22196|12|128|3
570|9165|-14158|13|220|3
571|-8768|-19951|4|182|3
572|11357|11330|12|57|3
573|1244|6963|10|22|3
574|7151|-22013|13|28|3
575|7340|22838|10|74|3
576|18949|17075|12|129|3
577|-5658|18496|6|184|3
578|4143|13939|10|29|3
579|-5042|-7563|2|209|3
580|13031|-15812|13|15|3
581|-9780|-19145|4|108|3
582|-3726|-6702|2|95|3
583|15304|10777|12|179|3
584|6563|2384|12|142|3
585|-21668|-19935|4|130|3
586|-16956|4091|9|214|3
587|-4614|19056|6|25|3
588|17588|-16469|13|161|3
589|20109|6761|5|38|3
590|-10476|16884|6|158|3
591|-1234|14751|10|133|3
592|16691|-12344|13|135|3
593|-8195|-14983|4|39|3
594|-6384|20793|6|49|3
595|-12165|-18281|4|91|3
596|-7766|-5233|4|87|3
597|-4737|-4278|2|209|3
598|-19535|-21397|4|89|3
599|-908|18149|10|133|3
600|-1916|-16273|2|122|3
601|-3735|11631|10|155|3
602|-21190|22926|11|202|3
603|-17363|16320|11|180|3
604|15077|-3734|5|78|3
605|14062|3418|5|36|3
606|14010|7701|12|199|3
607|-598|12967|10|185|3
608|-23162|-23046|4|130|3
609|8130|7602|12|40|3
610|9761|-10607|13|212|3
611|22973|-23096|13|94|3
612|3002|-7223|2|218|3
613|-18741|-11365|4|116|3
614|-18935|20715|11|98|3
615|-12335|-5782|4|114|3
616|-3082|23306|6|49|3
617|8696|-3705|5|183|3
618|20397|-8216|5|203|3
619|14736|23764|12|128|3
620|-14131|7998|7|63|3
621|-7430|-22302|4|182|3
622|14471|-8390|13|106|3
623|-6198|-19710|4|104|3
624|-2274|19655|6|25|3
625|16807|10309|12|179|3
626|1441|-12989|2|111|3
627|14093|8034|12|199|3
628|1576|-20886|13|67|3
629|-4717|-18181|2|104|3
630|-8381|10807|7|171|3
631|-23105|407|8|196|3
632|-23283|-19103|4|130|3
633|23864|-10874|5|203|3
634|16439|16760|12|129|3
635|1206|19772|6|126|3
636|3854|-16034|13|24|3
637|16092|7631|5|68|3
638|-11811|-12671|4|113|3
639|-15690|942|9|105|3
640|14128|12129|12|20|3
641|23584|19921|12|80|3
642|14313|-12334|13|135|3
643|10720|4035|5|193|3
644|17323|13601|12|17|3
645|5772|-16681|13|170|3
646|1366|7363|10|22|3
647|16845|-17947|13|161|3
648|7554|13939|12|186|3
649|-11503|-20746|4|91|3
650|-5126|-22748|4|44|3
651|-19944|-4451|8|213|3
652|12523|6354|12|162|3
653|19528|15821|12|92|3
654|-5899|5376|3|93|3
655|18551|13517|12|17|3
656|-5776|-18853|4|104|3
657|2706|-14662|2|24|3
658|5780|-4907|2|198|3
659|16144|-8365|13|35|3
660|-7772|-11434|4|16|3
661|21811|-14516|13|77|3
662|17036|11898|12|179|3
663|20681|3036|5|38|3
664|17193|12261|12|179|3
665|-4812|-21154|4|104|3
666|-22677|3259|8|60|3
667|-2806|20384|6|25|3
668|-14663|910|9|105|3
669|9154|17599|12|154|3
670|-23171|5708|8|60|3
671|-11128|-7638|4|165|3
672|-11360|-23014|4|205|3
673|-890|9950|10|155|3
674|-20420|16263|11|180|3
675|-19993|-18983|4|89|3
676|-19831|-22871|4|89|3
677|-19721|-3464|8|213|3
678|286|11507|10|138|3
679|16095|-4084|5|78|3
680|11497|19687|12|124|3
681|-18574|-19913|4|89|3
682|15042|-21653|13|65|3
683|-23507|-12337|4|201|3
684|-17520|15596|11|180|3
685|-16205|14666|7|180|3
686|-9799|-4489|9|215|3
687|18935|-14820|13|189|3
688|9764|-12131|13|85|3
689|2534|3256|1|102|3
690|3860|-14835|13|24|3
691|-18294|17907|11|98|3
692|19699|4933|5|38|3
693|-6963|11239|7|171|3
694|6566|17593|10|61|3
695|5099|-18658|13|143|3
696|5987|-1621|5|134|3
697|16973|-2827|5|78|3
698|2638|14869|10|29|3
699|11449|-16047|13|220|3
700|19163|19768|12|112|3
701|18680|6424|5|169|3
702|-11384|6094|7|140|3
703|11484|-15997|13|220|3
704|-5692|-16760|4|122|3
705|8499|7704|12|40|3
706|-12910|-13665|4|90|3
707|-2339|10324|10|155|3
708|3108|6240|12|22|3
709|16219|5879|5|68|3
710|-14913|22296|6|173|3
711|4412|18295|10|61|3
712|-1758|-10695|2|64|3
713|9617|11074|12|178|3
714|-12355|-9071|4|165|3
715|-23330|22374|11|174|3
716|-1669|-3539|2|146|3
717|6884|23895|6|74|3
718|13611|12025|12|20|3
719|15074|-17402|13|15|3
720|-8156|-20238|4|182|3
721|22439|5561|5|107|3
722|-8802|19145|6|168|3
723|-15111|-17355|4|187|3
724|-1528|2061|1|55|3
725|-9891|19485|6|168|3
726|20656|-23633|13|42|3
727|-12322|3588|9|50|3
728|-7215|-16788|4|108|3
729|-4758|-20579|4|104|3
730|11337|5692|12|162|3
731|-13290|-16357|4|39|3
732|12469|4992|5|162|3
733|-7250|1026|3|93|3
734|16159|-21280|13|65|3
735|20657|18347|12|80|3
736|-22643|-9597|8|99|3
737|10734|4338|5|26|3
738|1947|15359|10|29|3
739|-9324|-19090|4|108|3
740|21246|-12250|13|77|3
741|-17660|-8735|4|116|3
742|21710|11492|5|216|3
743|-20857|-23531|4|130|3
744|-9309|-23242|4|30|3
745|-10263|4784|7|54|3
746|-5077|18653|6|25|3
747|4756|-3512|2|19|3
748|-2531|-6360|2|95|3
749|18294|-18702|13|161|3
750|-15056|-1978|9|166|3
751|20823|4409|5|38|3
752|1732|-8212|2|32|3
753|-7126|-9568|4|172|3
754|4660|-12207|2|149|3
755|11714|19707|12|124|3
756|-22766|-8724|8|99|3
757|-4593|8796|1|155|3
758|-7289|2980|3|93|3
759|-21764|23961|11|202|3
760|8481|11600|12|178|3
761|-9399|-19413|4|108|3
762|-20535|21197|11|202|3
763|15445|-9847|13|135|3
764|19423|-20875|13|176|3
765|8674|-16724|13|121|3
766|16732|2423|5|36|3
767|8834|-18385|13|120|3
768|5010|22695|6|69|3
769|-9257|9744|7|171|3
770|4078|399|12|156|3
771|-23050|-15298|4|100|3
772|-13210|-2532|9|157|3
773|136|2373|1|55|3
774|-18990|19029|11|98|3
775|-16220|18121|11|197|3
776|20398|-5655|5|181|3
777|-7220|14060|7|158|3
778|-879|15769|10|133|3
779|-3261|2039|1|55|3
780|-11042|-5541|4|114|3
781|17965|-399|5|131|3
782|18769|-4754|5|181|3
783|19214|7147|5|38|3
784|-3025|-23384|2|44|3
785|-1120|-13812|2|83|3
786|-11319|23031|6|200|3
787|8854|11438|12|178|3
788|-21034|-11101|4|123|3
789|-19290|1972|9|150|3
790|-2781|-22905|2|44|3
791|4982|-23118|13|28|3
792|10461|-5817|13|147|3
793|-23467|718|8|196|3
794|-2043|-9291|2|64|3
795|-10065|13682|7|132|3
796|14546|10690|12|199|3
797|7574|-11419|13|58|3
798|-2364|-4523|2|88|3
799|7283|-11420|13|58|3
800|11407|-14935|13|195|3
801|-23961|21980|11|174|3
802|-23340|-23529|4|130|3
803|-21086|-2717|8|192|3
804|-1433|7553|1|155|3
805|-7868|21132|6|47|3
806|14706|17969|12|109|3
807|15100|1642|5|36|3
808|-12663|-558|9|105|3
809|20548|10105|5|59|3
810|-22326|12487|11|160|3
811|-19959|22580|11|202|3
812|-18761|-11182|4|116|3
813|4138|-13157|2|211|3
814|-4825|18532|6|25|3
815|3405|-11715|2|211|3
816|6059|15921|10|186|3
817|21499|20713|12|80|3
818|-7823|-12625|4|16|3
819|3451|23414|6|177|3
820|20523|3184|5|38|3
821|-23621|-10139|8|99|3
822|23518|-7173|5|203|3
823|-16392|16638|11|145|3
824|-8617|19315|6|168|3
825|17133|23625|12|21|3
826|-7764|-10763|4|14|3
827|19507|15425|12|92|3
828|-6952|14613|6|117|3
829|-7227|14671|6|117|3
830|13906|-18669|13|15|3
831|-22820|18793|11|174|3
832|10242|4393|12|193|3
833|23773|-6658|5|203|3
834|8055|21542|10|74|3
835|-6826|6326|3|43|3
836|-8289|20995|6|47|3
837|-11575|-16571|4|108|3
838|6918|22010|10|74|3
839|-14943|11713|7|167|3
840|11415|-7950|13|106|3
841|-7071|15111|6|117|3
842|22195|-2901|5|71|3
843|1210|-14685|2|24|3
844|-22364|2195|8|196|3
845|-5925|-13516|2|16|3
846|-12847|11145|7|167|3
847|-7474|-23908|4|182|3
848|14827|-23207|13|206|3
849|-17179|-3503|8|166|3
850|-1432|-17262|2|75|3
851|1878|5759|10|22|3
852|1271|-6567|2|125|3
853|-6761|19360|6|184|3
854|14818|22862|12|128|3
855|19255|22006|12|21|3
856|-7423|12507|7|171|3
857|-7707|-18096|4|108|3
858|14261|-22534|13|206|3
859|5677|-660|5|96|3
860|-23524|-16664|4|100|3
861|-5958|-5657|2|209|3
862|7981|4785|12|219|3
863|9432|16678|12|154|3
864|22102|-7463|5|203|3
865|-9396|-13944|4|39|3
866|3142|-9245|2|32|3
867|-5515|18935|6|25|3
868|21714|23791|12|21|3
869|-17562|-21546|4|187|3
870|-141|-1380|2|163|3
871|-12272|14938|7|132|3
872|-21292|23591|11|202|3
873|-14409|-19295|4|187|3
874|19894|-23913|13|42|3
875|-14609|12419|7|167|3
876|-541|-13594|2|83|3
877|8266|-11228|13|58|3
878|19731|7181|5|38|3
879|11544|3419|5|193|3
880|-18325|-1222|8|213|3
881|-3826|6021|1|155|3
882|-16699|-19506|4|187|3
883|19358|-3305|5|181|3
884|13669|-11709|13|195|3
885|-11201|-20453|4|91|3
886|-15535|-11432|4|90|3
887|11081|15919|12|76|3
888|-8294|-14454|4|39|3
889|-18048|-18243|4|89|3
890|-12516|20425|6|45|3
891|-18200|-15772|4|89|3
892|-23013|7014|8|160|3
893|-10216|11552|7|97|3
894|-5435|18968|6|25|3
895|-2089|-15065|2|122|3
896|12576|23901|12|128|3
897|-8438|5713|3|140|3
898|-3719|18577|6|25|3
899|-19148|7940|9|72|3
900|21480|-8211|5|203|3
901|-1243|-22035|2|44|3
902|16795|-5010|5|141|3
903|17064|14397|12|17|3
904|-7860|16152|6|184|3
905|7064|-20962|13|120|3
906|-7969|21908|6|47|3
907|-7606|11297|7|171|3
908|17133|-10934|13|135|3
909|331|-18256|2|75|3
910|-14574|18037|6|197|3
911|-14997|12340|7|167|3
912|-21775|18598|11|174|3
913|-22579|-19328|4|130|3
914|-16855|-2832|9|166|3
915|-5427|21087|6|49|3
916|9034|8952|12|66|3
917|23534|7415|5|107|3
918|-3203|-8694|2|64|3
919|-9488|-15167|4|39|3
920|22597|5470|5|107|3
921|-4140|-19183|2|104|3
922|22643|-20376|13|94|3
923|19602|23711|12|21|3
924|-23668|21392|11|174|3
925|15686|1898|5|36|3
926|9035|5336|12|26|3
927|5767|6850|12|33|3
928|-4398|-17885|2|104|3
929|-4963|8927|1|155|3
930|-9699|3123|3|50|3
931|-17416|8988|9|63|3
932|-20577|19786|11|98|3
933|2547|-21048|13|194|3
934|-12042|-12069|4|31|3
935|-4190|-183|3|146|3
936|-17961|5332|9|150|3
937|-7488|19045|6|184|3
938|-13731|7034|9|175|3
939|13917|15339|12|109|3
940|14338|22376|12|128|3
941|19400|9855|5|73|3
942|2696|19532|10|126|3
943|17372|15230|12|17|3
944|-21035|20271|11|98|3
945|19601|-19889|13|208|3
946|-22982|-23790|4|130|3
947|22854|9410|5|216|3
948|-19210|17091|11|98|3
949|9230|-14352|13|220|3
950|6435|10374|12|119|3
951|21179|22650|12|21|3
952|822|-6088|2|125|3
953|-18342|8166|9|72|3
954|19923|7459|5|38|3
955|20338|3444|5|38|3
956|-2332|-4831|2|88|3
957|-201|3369|1|55|3
958|911|14713|10|133|3
959|-1856|-4179|2|146|3
960|11484|8225|12|66|3
961|22862|-11266|13|77|3
962|-2136|20737|6|25|3
963|10771|-17502|13|190|3
964|6291|9076|12|41|3
965|364|-2088|2|163|3
966|-4455|20100|6|25|3
967|-10561|6265|7|140|3
968|8300|11425|12|178|3
969|21411|12661|5|59|3
970|-15151|-26|9|105|3
971|23630|-10349|5|203|3
972|-1876|-22497|2|44|3
973|-5468|7782|1|43|3
974|10525|5350|12|26|3
975|15182|-21583|13|65|3
976|-5678|-11010|2|172|3
977|-19956|8333|9|72|3
978|-2418|11996|10|185|3
979|-23774|4659|8|60|3
980|-14679|-9660|4|53|3
981|6092|11066|12|119|3
982|-2929|19715|6|25|3
983|-4450|3689|1|93|3
984|-19501|-120|8|213|3
985|-15787|-6832|4|114|3
986|6621|-1602|5|134|3
987|-19909|-22904|4|89|3
988|-6791|-19981|4|104|3
989|-3015|11070|10|155|3
990|-2000|17968|6|133|3
991|-3212|-2334|2|146|3
992|11440|-2984|5|103|3
993|1322|-1309|2|151|3
994|3711|2800|12|102|3
995|-20453|14620|11|180|3
996|7242|-19401|13|120|3
997|20301|21477|12|21|3
998|-10759|19906|6|168|3
999|-1595|-8448|2|95|3
1000|2876|21864|6|159|3
1001|8183|7487|12|40|3
1002|20402|-7888|5|203|3
1003|-22922|-7577|8|56|3
1004|-15556|-1547|9|166|3
1005|21560|-6282|5|181|3
1006|-4852|-19157|4|104|3
1007|16410|-23219|13|27|3
1008|-1306|-17057|2|75|3
1009|-15995|-13039|4|90|3
1010|-21294|-7229|8|56|3
1011|17162|-23068|13|27|3
1012|3220|-9956|2|32|3
1013|3434|-2042|2|19|3
1014|23767|3815|5|82|3
1015|6049|-483|5|96|3
1016|-14122|15214|7|145|3
1017|16018|-19935|13|65|3
1018|17299|17333|12|129|3
1019|-14480|367|9|105|3
1020|-18000|-21142|4|187|3
1021|2655|3921|12|102|3
1022|-18815|19104|11|98|3
1023|-1467|5540|1|155|3
1024|11917|14184|12|20|3
1025|18461|10458|5|73|3
1026|5607|18657|10|61|3
1027|-18926|17216|11|98|3
1028|15292|16926|12|109|3
1029|-8291|7883|7|43|3
1030|-7177|-12508|4|16|3
1031|-10359|6302|7|140|3
1032|9842|-1983|5|183|3
1033|23104|9540|5|216|3
1034|-18869|-19970|4|89|3
1035|10691|-16107|13|220|3
1036|10517|15867|12|154|3
1037|15978|-2036|5|78|3
1038|6482|11232|12|178|3
1039|-6687|-16070|4|122|3
1040|44|-14026|2|111|3
1041|-3892|-6344|2|209|3
1042|12868|9889|12|199|3
1043|-19115|-4525|8|213|3
1044|23828|-23973|13|94|3
1045|1016|-4179|2|125|3
1046|-21301|5013|8|60|3
1047|-11758|-19798|4|91|3
1048|-4461|17775|6|25|3
1049|-23889|-13054|4|201|3
1050|-1646|12818|10|185|3
1051|-549|21467|6|177|3
1052|20644|-5779|5|181|3
1053|7871|23509|10|74|3
1054|22443|12490|5|207|3
1055|5311|1760|12|102|3
1056|2972|-20327|13|143|3
1057|-3032|-10700|2|64|3
1058|-13619|-10143|4|53|3
1059|1826|336|1|151|3
1060|17802|-14006|13|189|3
1061|-7740|11878|7|171|3
1062|17198|-15499|13|161|3
1063|1479|19973|6|126|3
1064|-7817|14896|6|158|3
1065|8675|7796|12|40|3
1066|-23709|-17375|4|100|3
1067|-17246|-2213|9|213|3
1068|8330|8614|12|41|3
1069|-13262|10238|7|167|3
1070|20158|18201|12|80|3
1071|-7678|-22763|4|182|3
1072|4092|-22414|13|143|3
1073|15171|15862|12|109|3
1074|7761|3077|12|142|3
1075|-12088|-13847|4|113|3
1076|-13690|8907|7|63|3
1077|-18678|-8702|4|136|3
1078|-12603|-2198|9|157|3
1079|-8060|9829|7|171|3
1080|12207|-15802|13|195|3
1081|-19507|14264|11|180|3
1082|-16030|-3566|9|166|3
1083|-11470|17064|6|132|3
1084|-12453|-23185|4|70|3
1085|4727|1197|12|102|3
1086|-11536|-18189|4|108|3
1087|-4477|22759|6|49|3
1088|-757|7836|1|155|3
1089|13532|17161|12|110|3
1090|12671|23906|12|128|3
1091|8279|13701|12|79|3
1092|20205|-21590|13|176|3
1093|-15176|-13380|4|90|3
1094|-18489|11377|9|204|3
1095|-12955|2673|9|50|3
1096|-17035|-11953|4|116|3
1097|-21831|7100|8|72|3
1098|15952|20770|12|128|3
1099|-7176|-23553|4|182|3
1100|-7929|19434|6|184|3
1101|-3050|609|1|55|3
1102|-20531|-19154|4|130|3
1103|5546|-1215|5|96|3
1104|-10229|-130|9|144|3
1105|-525|9563|10|155|3
1106|-5675|22288|6|49|3
1107|22864|-11605|13|77|3
1108|-4873|3146|3|93|3
1109|-8019|-23350|4|182|3
1110|1989|11799|10|18|3
1111|2338|2508|1|102|3
1112|23371|-11050|13|203|3
1113|18125|-5468|5|181|3
1114|18449|14025|12|17|3
1115|-14632|22010|6|173|3
1116|-1335|-7577|2|95|3
1117|21284|15342|12|92|3
1118|8955|17173|12|154|3
1119|-789|6308|1|22|3
1120|-7001|19721|6|49|3
1121|-12788|-21752|4|70|3
1122|14492|8428|12|199|3
1123|-16965|23867|11|202|3
1124|-17338|20835|11|98|3
1125|7401|6522|12|40|3
1126|-23569|-23927|4|130|3
1127|1715|17015|10|48|3
1128|16359|4203|5|36|3
1129|6857|-2523|5|134|3
1130|-6292|-15371|4|122|3
1131|-1960|15924|10|133|3
1132|-23466|20323|11|174|3
1133|2368|23745|6|177|3
1134|22604|20506|12|80|3
1135|3305|21939|6|159|3
1136|706|6686|10|22|3
1137|-11362|5077|7|54|3
1138|12429|13476|12|20|3
1139|-12201|9010|7|115|3
1140|-22287|21834|11|174|3
1141|-17542|16426|11|180|3
1142|10536|-23357|13|153|3
1143|-12842|6048|9|175|3
1144|5063|14263|10|29|3
1145|-4757|-19522|4|104|3
1146|-6070|-4627|2|209|3
1147|-12570|1751|9|105|3
1148|-3903|-1155|3|146|3
1149|3372|-8075|2|218|3
1150|21657|-15738|13|51|3
1151|-22835|10497|9|160|3
1152|10826|-20220|13|84|3
1153|-19798|5972|9|72|3
1154|20286|8850|5|73|3
1155|11288|4580|5|162|3
1156|-2896|-4221|2|88|3
1157|2172|8086|10|22|3
1158|-18823|-8477|4|136|3
1159|-15216|1914|9|214|3
1160|9791|-13031|13|220|3
1161|-19597|23474|11|202|3
1162|18113|-18320|13|161|3
1163|23467|-10009|5|203|3
1164|-588|11678|10|185|3
1165|22776|-21324|13|94|3
1166|-3950|2126|1|93|3
1167|-5445|-7801|2|209|3
1168|-5911|-19591|4|104|3
1169|15111|-9604|13|135|3
1170|-7150|-2947|3|87|3
1171|-18691|-12662|4|123|3
1172|-6542|988|3|93|3
1173|-16853|-15360|4|90|3
1174|20396|11464|5|59|3
1175|9304|5166|12|26|3
1176|11640|-21069|13|190|3
1177|20685|-17110|13|191|3
1178|6119|10397|12|119|3
1179|8273|7548|12|40|3
1180|19013|861|5|131|3
1181|-17984|8740|9|204|3
1182|-1226|12263|10|185|3
1183|615|-16025|2|24|3
1184|-7998|10064|7|171|3
1185|-17178|23867|11|202|3
1186|16904|19144|12|217|3
1187|17041|658|5|36|3
1188|-11418|-526|9|144|3
1189|-23056|18780|11|174|3
1190|-6684|-18463|4|104|3
1191|-19443|-18125|4|89|3
1192|8050|20212|12|74|3
1193|-19145|19980|11|98|3
1194|16192|23568|12|128|3
1195|20373|-11290|13|221|3
1196|-3823|20419|6|25|3
1197|5258|-17437|13|170|3
1198|-14572|9165|7|63|3
1199|-8046|-1802|3|215|3
1200|16658|-2263|5|78|3
1201|3263|-3322|2|19|3
1202|6374|14725|12|186|3
1203|19373|-3159|5|71|3
1204|-6893|21045|6|49|3
1205|-20665|-21484|4|130|3
1206|-23281|16953|11|174|3
1207|-15854|20176|11|173|3
1208|17694|-95|5|131|3
1209|-12495|-16304|4|39|3
1210|13040|-921|5|78|3
1211|19623|-6195|5|181|3
1212|14026|-18193|13|15|3
1213|21198|17947|12|80|3
1214|18273|7414|5|169|3
1215|-356|-17849|2|75|3
1216|5836|-808|5|96|3
1217|-18151|-1743|8|213|3
1218|-14509|-7092|4|114|3
1219|-23054|-14159|4|201|3
1220|-22103|8319|9|160|3
1221|1777|8977|10|188|3
1222|16124|11839|12|179|3
1223|-17275|-21062|4|187|3
1224|18753|-11022|13|221|3
1225|230|-4466|2|125|3
1226|21452|3391|5|82|3
1227|-13390|-8054|4|53|3
1228|-3863|23279|6|49|3
1229|-2978|23687|6|49|3
1230|4207|-8479|2|218|3
1231|3318|21564|6|159|3
1232|5836|-8126|2|218|3
1233|21554|6224|5|107|3
1234|16684|-7250|5|141|3
1235|19221|-15162|13|101|3
1236|7934|-9741|13|58|3
1237|-1973|-1480|1|163|3
1238|-19280|-7105|8|136|3
1239|-21797|-4660|8|192|3
1240|20346|-18040|13|191|3
1241|-18321|1955|9|150|3
1242|1943|-6859|2|125|3
1243|-11710|-12190|4|113|3
1244|6780|-8955|13|58|3
1245|-31|7265|1|22|3
1246|187|456|1|55|3
1247|-889|1692|1|55|3
1248|17837|13086|12|17|3
1249|-9361|23302|6|47|3
1250|4470|7718|12|137|3
1251|-1091|-19895|2|75|3
1252|-2560|15417|10|133|3
1253|-8584|7865|7|43|3
1254|-10535|-7008|4|165|3
1255|21273|1960|5|82|3
1256|13559|9203|12|199|3
1257|3873|11818|10|118|3
1258|-21560|-6439|8|56|3
1259|-1664|-14510|2|83|3
1260|-1029|-15425|2|83|3
1261|-400|-21516|2|67|3
1262|12318|-21713|13|206|3
1263|11315|11871|12|57|3
1264|-8601|-7563|4|165|3
1265|11593|-1096|5|103|3
1266|6152|8041|12|41|3
1267|-18793|-6857|4|136|3
1268|14491|-13833|13|195|3
1269|15052|-5095|5|141|3
1270|15797|7304|5|68|3
1271|23705|-827|5|82|3
1272|-11063|-3033|9|157|3
1273|19402|9534|5|73|3
1274|-7552|-10871|4|172|3
1275|2661|-19471|13|143|3
1276|-8029|10947|7|171|3
1277|15157|22071|12|128|3
1278|5467|-9532|2|218|3
1279|6554|-16435|13|170|3
1280|10623|-21309|13|84|3
1281|23271|-18399|13|191|3
1282|21010|-6438|5|181|3
1283|-19786|-5518|8|136|3
1284|-2751|3414|1|55|3
1285|22254|13905|5|207|3
1286|7652|1939|12|142|3
1287|1200|-1658|2|151|3
1288|-10388|22283|6|47|3
1289|4208|6505|12|22|3
1290|-7581|-20250|4|104|3
1291|7129|-4677|2|198|3
1292|-11370|-5203|4|114|3
1293|-1041|5790|1|22|3
1294|4969|-11755|2|218|3
1295|4098|7653|12|22|3
1296|17525|21031|12|217|3
1297|-7881|-746|3|215|3
1298|12244|18250|12|76|3
1299|16177|-12396|13|135|3
1300|-12203|-10564|4|53|3
1301|-11554|-871|9|144|3
1302|353|21843|6|177|3
1303|18909|-845|5|131|3
1304|-16908|-5004|8|166|3
1305|-5868|3068|3|93|3
1306|-37|-3108|2|125|3
1307|19779|-15829|13|101|3
1308|23344|13823|5|207|3
1309|-8611|8013|7|43|3
1310|-14485|537|9|105|3
1311|-14612|-9114|4|53|3
1312|-21391|22729|11|202|3
1313|-15202|-8349|4|53|3
1314|-8167|-2429|3|215|3
1315|3710|19513|10|69|3
1316|-6150|-9602|2|172|3
1317|11970|-12157|13|195|3
1318|-21405|23604|11|202|3
1319|22567|-12454|13|77|3
1320|12377|-16574|13|15|3
1321|-12098|-18274|4|91|3
1322|-20282|10340|9|160|3
1323|16901|3293|5|36|3
1324|-3278|5344|1|155|3
1325|-15645|16618|11|145|3
1326|-20599|8078|9|72|3
1327|-16501|13671|7|180|3
1328|1219|10026|10|188|3
1329|6043|-14338|13|139|3
1330|-6116|-23758|4|104|3
1331|-5496|-20282|4|104|3
1332|-17916|-21305|4|187|3
1333|-13324|-15531|4|90|3
1334|5015|8061|12|137|3
1335|2004|-10257|2|32|3
1336|3410|16825|10|48|3
1337|-827|-6685|2|95|3
1338|12030|-6032|5|106|3
1339|4146|518|12|156|3
1340|5094|6342|12|33|3
1341|-21892|4863|8|60|3
1342|-17153|-8935|4|116|3
1343|-23107|-13017|4|201|3
1344|22021|-5374|5|181|3
1345|19523|5074|5|38|3
1346|-419|-6622|2|95|3
1347|-4370|154|3|93|3
1348|6458|-6112|2|198|3
1349|-19893|8767|9|160|3
1350|10174|-20428|13|84|3
1351|11027|18573|12|124|3
1352|-17543|-7336|4|136|3
1353|-10271|8906|7|115|3
1354|15344|10002|12|179|3
1355|-2164|21785|6|25|3
1356|20314|-19494|13|208|3
1357|14276|-6040|5|141|3
1358|-15893|4421|9|214|3
1359|-11514|9477|7|115|3
1360|9848|11075|12|57|3
1361|-23935|-18374|4|130|3
1362|-19090|22476|11|202|3
1363|-3961|-18890|2|104|3
1364|-11568|9500|7|115|3
1365|16116|22087|12|128|3
1366|10445|2611|5|193|3
1367|20007|-23310|13|42|3
1368|-11674|-8815|4|165|3
1369|856|-1988|2|151|3
1370|14861|-17129|13|15|3
1371|-12539|2102|9|50|3
1372|-14602|-22330|4|70|3
1373|-19341|-320|8|213|3
1374|-20922|10219|9|160|3
1375|3354|-11478|2|32|3
1376|15212|-12822|13|135|3
1377|-7460|-4872|3|87|3
1378|-6293|1962|3|93|3
1379|-11796|-8260|4|165|3
1380|-9047|18440|6|168|3
1381|10387|-23412|13|153|3
1382|14157|4648|5|162|3
1383|-2977|2311|1|55|3
1384|-23661|-17655|4|100|3
1385|6389|-1208|5|134|3
1386|-2254|-5419|2|88|3
1387|-16670|-21171|4|187|3
1388|-8252|252|3|93|3
1389|16028|-15347|13|15|3
1390|22935|-2322|5|71|3
1391|9735|887|5|86|3
1392|-6487|-4314|3|87|3
1393|-15528|-13390|4|90|3
1394|-12146|22557|6|200|3
1395|19182|6765|5|38|3
1396|14354|13254|12|20|3
1397|-10488|14506|7|132|3
1398|8590|5833|12|219|3
1399|-8186|17445|6|184|3
1400|15793|-15608|13|15|3
1401|-13451|-23563|4|70|3
1402|-20889|12114|9|204|3
1403|19413|18853|12|112|3
1404|-21552|-6966|8|56|3
1405|-16658|13423|7|180|3
1406|17048|16212|12|129|3
1407|-10341|-7243|4|165|3
1408|-3387|-23918|2|44|3
1409|-17877|1828|9|150|3
1410|-4993|17994|6|184|3
1411|14179|-13826|13|195|3
1412|-3306|-17131|2|122|3
1413|11408|16621|12|76|3
1414|16222|6759|5|68|3
1415|13074|388|5|78|3
1416|-5073|-1715|3|146|3
1417|-14313|13198|7|167|3
1418|14667|5011|5|68|3
1419|2646|-789|2|96|3
1420|-5130|1422|3|93|3
1421|-9|9762|10|138|3
1422|16888|-21565|13|27|3
1423|-14752|618|9|105|3
1424|21611|-21286|13|176|3
1425|1987|-7559|2|32|3
1426|-22601|18028|11|174|3
1427|17518|-9666|13|35|3
1428|-7261|-2032|3|87|3
1429|-11357|-14001|4|113|3
1430|-1155|-7502|2|95|3
1431|-22204|-3522|8|192|3
1432|16604|14928|12|17|3
1433|-10763|5462|7|54|3
1434|-14758|23266|6|200|3
1435|-7481|9136|7|43|3
1436|-22464|655|8|196|3
1437|-21924|-12296|4|201|3
1438|7247|-3072|5|134|3
1439|-7727|20394|6|49|3
1440|19186|19309|12|112|3
1441|3649|18310|10|61|3
1442|-21376|-1757|8|192|3
1443|17789|14343|12|17|3
1444|-22323|-1420|8|192|3
1445|-12009|-16458|4|39|3
1446|2290|8527|10|22|3
1447|-21179|-21886|4|130|3
1448|-14710|21214|6|173|3
1449|-18654|5099|9|150|3
1450|-12219|-2172|9|157|3
1451|1276|-2621|2|125|3
1452|15314|2835|5|36|3
1453|19292|-4091|5|181|3
1454|-708|17774|10|133|3
1455|10812|3733|5|193|3
1456|-2626|20309|6|25|3
1457|4763|-22716|13|143|3
1458|21762|-9808|5|203|3
1459|2515|11331|10|18|3
1460|16460|-7215|5|141|3
1461|20881|-17451|13|191|3
1462|151|-26|1|55|3
1463|188|708|1|55|3
1464|20043|-22950|13|42|3
1465|-5886|7474|1|43|3
1466|-23979|23316|11|174|3
1467|-8306|-7211|4|87|3
1468|8995|12733|12|178|3
1469|21900|6705|5|107|3
1470|-23967|-20621|4|130|3
1471|16106|3567|5|36|3
1472|-8156|-18115|4|108|3
1473|7370|-7400|13|62|3
1474|-3135|22938|6|49|3
1475|-12843|-22317|4|70|3
1476|8620|13209|12|79|3
1477|-19612|-18089|4|89|3
1478|-16572|11995|7|204|3
1479|11165|5673|12|162|3
1480|17174|16110|12|129|3
1481|-8361|6831|7|43|3
1482|-11955|-13479|4|113|3
1483|21347|-21155|13|176|3
1484|6892|-20112|13|120|3
1485|-1086|17406|10|133|3
1486|-22410|22437|11|174|3
1487|-11887|-21784|4|70|3
1488|8264|-17741|13|121|3
1489|4301|12045|10|118|3
1490|-7306|-5927|2|87|3
1491|18883|-560|5|131|3
1492|6624|20425|10|74|3
1493|2461|13913|10|29|3
1494|5025|-18230|13|143|3
1495|-9311|-17820|4|108|3
1496|-12213|-17205|4|108|3
1497|22260|-16431|13|51|3
1498|-8718|7201|7|43|3
1499|19409|7901|5|73|3
1500|-4449|-9497|2|64|3
1501|-1306|9417|10|155|3
1502|-23624|-14014|4|201|3
1503|-10086|-22301|4|30|3
1504|-678|17744|10|133|3
1505|-18275|-7679|4|136|3
1506|21386|-6251|5|181|3
1507|104|-21430|2|67|3
1508|18289|8590|5|73|3
1509|-13787|-5664|4|114|3
1510|-17458|-23624|4|187|3
1511|-19061|-2488|8|213|3
1512|16513|-8121|13|35|3
1513|-20543|8225|9|160|3
1514|21688|18688|12|80|3
1515|7905|-3829|5|134|3
1516|-10612|2212|9|50|3
1517|6995|7744|12|33|3
1518|68|-9612|2|32|3
1519|-21037|-12695|4|123|3
1520|-4753|-19787|4|104|3
1521|8482|-4662|5|198|3
1522|-7551|9728|7|171|3
1523|20830|-16657|13|51|3
1524|-16652|22505|11|173|3
1525|20376|10139|5|73|3
1526|11812|2633|5|193|3
1527|20227|16234|12|92|3
1528|-15447|-17921|4|187|3
1529|17023|9372|5|34|3
1530|-17763|18890|11|98|3
1531|14702|-10588|13|135|3
1532|8046|-11344|13|58|3
1533|-17414|-14958|4|123|3
1534|1972|16194|10|48|3
1535|396|-13903|2|111|3
1536|-1448|16096|10|133|3
1537|13301|6307|5|162|3
1538|11596|-15346|13|195|3
1539|9918|19621|12|124|3
1540|4733|10317|12|119|3
1541|665|19609|6|126|3
1542|-19784|15559|11|180|3
1543|-20433|7576|9|72|3
1544|-18552|4948|9|150|3
1545|22265|3306|5|82|3
1546|12203|-21180|13|190|3
1547|-15686|-20665|4|187|3
1548|5702|1207|12|102|3
1549|-12702|16929|6|145|3
1550|-3879|1759|1|93|3
1551|13787|-22628|13|206|3
1552|-11933|-20112|4|91|3
1553|14957|15295|12|109|3
1554|4646|-6678|2|198|3
1555|-4101|-21311|2|44|3
1556|-10054|18065|6|168|3
1557|-22189|12802|11|204|3
1558|1376|-1366|2|151|3
1559|19644|16563|12|92|3
1560|551|-16580|2|24|3
1561|-11407|14982|7|132|3
1562|15861|-14062|13|135|3
1563|14113|-11704|13|135|3
1564|-18089|1521|9|150|3
1565|-13527|23517|6|200|3
1566|-17639|-2224|8|213|3
1567|-16987|12733|7|180|3
1568|-8879|-19393|4|108|3
1569|11553|15670|12|76|3
1570|-2695|6234|1|155|3
1571|18923|-6726|5|35|3
1572|22975|16996|12|92|3
1573|-3211|10372|1|155|3
1574|-16462|15330|11|180|3
1575|-18463|8929|9|204|3
1576|6604|-21844|13|28|3
1577|20228|4465|5|38|3
1578|4367|18021|10|61|3
1579|-21644|10287|9|160|3
1580|18464|713|5|131|3
1581|-7930|20693|6|168|3
1582|-354|-22412|2|67|3
1583|-9407|-363|9|144|3
1584|-1838|-22573|2|44|3
1585|4987|2439|12|102|3
1586|18054|328|5|131|3
1587|14765|16698|12|109|3
1588|3787|-11333|2|32|3
1589|22788|21040|12|21|3
1590|4819|-2516|2|19|3
1591|-16521|-5800|4|166|3
1592|-19241|-13797|4|123|3
1593|-12486|1022|9|105|3
1594|-15536|-23930|4|187|3
1595|-5277|-17825|4|104|3
1596|-186|-1829|2|163|3
1597|-20472|-9836|4|116|3
1598|-13238|-18652|4|91|3
1599|13381|-7834|13|106|3
1600|22461|-22088|13|94|3
1601|-6069|-5090|2|209|3
1602|2278|13004|10|18|3
1603|8772|-6356|13|147|3
1604|18361|6318|5|169|3
1605|-10139|-22941|4|205|3
1606|-7129|4641|3|93|3
1607|-6124|-8377|2|172|3
1608|-13887|-15238|4|90|3
1609|-23610|20428|11|174|3
1610|17704|14171|12|17|3
1611|17774|-14144|13|189|3
1612|20236|17565|12|80|3
1613|208|-2222|2|163|3
1614|8624|-3238|5|183|3
1615|22747|-16534|13|51|3
1616|-2545|-3912|2|146|3
1617|6680|10703|12|178|3
1618|1303|18346|10|48|3
1619|4968|-5944|2|198|3
1620|-2226|12865|10|185|3
1621|14069|-3228|5|78|3
1622|-346|-19231|2|75|3
1623|926|-11499|2|32|3
1624|3492|-11817|2|211|3
1625|-5237|-7561|2|209|3
1626|-11013|-6766|4|165|3
1627|18932|15722|12|92|3
1628|-3487|10893|1|155|3
1629|22067|-12041|13|77|3
1630|21604|23551|12|21|3
1631|4927|12641|10|118|3
1632|-7410|-14793|4|16|3
1633|14429|16903|12|109|3
1634|-12300|19111|6|45|3
1635|-20945|2210|8|150|3
1636|9756|-381|5|86|3
1637|6375|5952|12|33|3
1638|-13363|14621|7|145|3
1639|-21896|-9066|8|99|3
1640|5804|-10527|13|218|3
1641|-19773|643|8|150|3
1642|-6907|-13969|4|16|3
1643|-4278|-14107|2|122|3
1644|-15446|-13476|4|90|3
1645|9389|-5120|13|147|3
1646|14460|12975|12|20|3
1647|-19581|-5489|8|136|3
1648|-3922|3367|1|93|3
1649|-4400|10680|1|155|3
1650|14201|9695|12|199|3
1651|-14142|22441|6|200|3
1652|-18264|-10652|4|116|3
1653|14551|-12269|13|135|3
1654|15377|5445|5|68|3
1655|-14506|-13239|4|90|3
1656|7660|4145|12|142|3
1657|-17274|-9323|4|116|3
1658|-5774|20070|6|49|3
1659|12387|14304|12|20|3
1660|-5308|20154|6|49|3
1661|19285|-11145|13|221|3
1662|19265|114|5|131|3
1663|-6602|-16918|4|104|3
1664|16836|-11637|13|135|3
1665|-10613|-22104|4|30|3
1666|-14411|12028|7|167|3
1667|-11883|10112|7|167|3
1668|-427|-17302|2|75|3
1669|15013|21222|12|128|3
1670|-17943|-20088|4|89|3
1671|-16589|-17735|4|89|3
1672|-12147|-11426|4|31|3
1673|379|-3612|2|125|3
1674|12778|21395|12|128|3
1675|-7156|9439|7|43|3
1676|-1243|3622|1|55|3
1677|3389|-10768|2|32|3
1678|3464|16790|10|48|3
1679|22906|17242|12|80|3
1680|17814|-8489|5|35|3
1681|17632|-2784|5|131|3
1682|-5339|-11264|2|81|3
1683|13537|-22786|13|206|3
1684|-15668|19760|11|173|3
1685|20192|9944|5|73|3
1686|-21482|16986|11|174|3
1687|11653|-18954|13|190|3
1688|5848|700|12|156|3
1689|-7816|13555|7|158|3
1690|-8023|208|3|93|3
1691|7572|10354|12|178|3
1692|5443|-7725|2|218|3
1693|-4390|-17372|2|122|3
1694|12841|17716|12|110|3
1695|17142|-9051|13|35|3
1696|16502|6818|5|68|3
1697|-23619|-5256|8|192|3
1698|-1121|-18121|2|75|3
1699|-394|12155|10|185|3
1700|7876|-21375|13|120|3
1701|22982|-8093|5|203|3
1702|17778|22253|12|21|3
1703|-22602|-6340|8|56|3
1704|-13815|21821|6|200|3
1705|-10396|11233|7|97|3
1706|23520|19157|12|80|3
1707|22174|13374|5|207|3
1708|-6526|-23736|4|182|3
1709|-19568|19070|11|98|3
1710|-8465|-17410|4|108|3
1711|19341|-14391|13|189|3
1712|-10976|-13668|4|113|3
1713|-20650|16913|11|98|3
1714|23322|2349|5|82|3
1715|-12875|6193|7|175|3
1716|-4297|-20859|2|44|3
1717|-1327|17105|10|133|3
1718|-17982|11936|9|204|3
1719|-9169|-12851|4|14|3
1720|-1896|-10568|2|64|3
1721|-5737|9975|1|155|3
1722|17400|-18902|13|161|3
1723|-9699|-6185|4|87|3
1724|1566|14845|10|29|3
1725|-17213|-18606|4|89|3
1726|22294|-17404|13|191|3
1727|20118|22424|12|21|3
1728|-2944|15278|10|133|3
1729|10417|-2365|5|103|3
1730|-675|-18969|2|75|3
1731|944|6186|1|22|3
1732|-6531|-10907|4|172|3
1733|-5839|-4126|2|209|3
1734|7599|-7181|13|62|3
1735|-308|5018|1|22|3
1736|-17831|-8491|4|116|3
1737|17828|9981|5|73|3
1738|-17403|-2267|8|213|3
1739|-22095|-10216|4|99|3
1740|-14599|-978|9|105|3
1741|-17442|9376|9|204|3
1742|10914|-10075|13|212|3
1743|-5849|19931|6|49|3
1744|6729|-5266|2|198|3
1745|-18802|-6804|4|136|3
1746|5335|-2955|2|19|3
1747|-6544|-23290|4|104|3
1748|-9548|20096|6|168|3
1749|-20167|627|8|150|3
1750|-21282|-8497|8|99|3
1751|-14076|9982|7|63|3
1752|-7142|16496|6|184|3
1753|17734|-7224|5|35|3
1754|16068|5033|5|169|3
1755|-16767|-18493|4|89|3
1756|18583|5735|5|38|3
1757|17236|-22645|13|42|3
1758|21477|10153|5|216|3
1759|8745|14899|12|79|3
1760|579|-15796|2|24|3
1761|9676|-16438|13|121|3
1762|-2413|5434|1|155|3
1763|-5744|-14975|4|122|3
1764|12420|-3586|5|103|3
1765|13575|-11035|13|195|3
1766|4088|-15307|13|170|3
1767|17713|-19195|13|161|3
1768|22222|-18369|13|191|3
1769|11009|-13816|13|195|3
1770|-19611|-11723|4|123|3
1771|-11215|4137|7|54|3
1772|14109|-8362|13|106|3
1773|-9161|-8153|4|165|3
1774|-10019|100|9|144|3
1775|-3791|-4386|2|88|3
1776|-10351|9755|7|115|3
1777|20881|12253|5|59|3
1778|9315|-18058|13|190|3
1779|-3551|-20503|2|44|3
1780|-16182|-21874|4|187|3
1781|-17392|7630|9|63|3
1782|-15145|9400|7|63|3
1783|-8805|-2996|9|215|3
1784|-12792|-14592|4|113|3
1785|155|-11787|2|83|3
1786|13705|14040|12|20|3
1787|9947|-14652|13|220|3
1788|17462|10921|12|179|3
1789|-18288|-14980|4|123|3
1790|-255|10221|10|185|3
1791|-12059|20968|6|164|3
1792|-3019|-20714|2|44|3
1793|12306|-20878|13|190|3
1794|23756|15017|5|207|3
1795|-9938|-10781|4|14|3
1796|10444|7228|12|148|3
1797|19707|-5860|5|181|3
1798|-19977|20937|11|98|3
1799|-3242|-10022|2|64|3
1800|15679|14934|12|17|3
1801|-16479|13853|7|180|3
1802|583|-9043|2|32|3
1803|-20685|-11864|4|123|3
1804|21978|-6905|5|203|3
1805|-16881|10074|9|204|3
1806|-7242|-18550|4|104|3
1807|12645|12608|12|20|3
1808|-6997|-9367|4|172|3
1809|10389|23849|12|74|3
1810|-22775|6248|8|60|3
1811|-16801|-15378|4|90|3
1812|12405|6692|12|162|3
1813|2551|-170|1|96|3
1814|-11343|12820|7|97|3
1815|-7049|-13448|4|16|3
1816|8555|-6117|13|147|3
1817|-3169|9426|1|155|3
1818|8495|-2782|5|183|3
1819|-12848|-18506|4|91|3
1820|20000|-11550|13|221|3
1821|-14106|22582|6|200|3
1822|22443|11355|5|216|3
1823|7196|-11451|13|58|3
1824|-11821|21380|6|164|3
1825|-13057|-4824|9|114|3
1826|19452|-1903|5|71|3
1827|-15955|-13203|4|90|3
1828|-16483|4084|9|214|3
1829|1785|-12550|2|211|3
1830|19491|-11904|13|221|3
1831|19824|-22781|13|42|3
1832|-142|-22605|2|67|3
1833|-11407|6800|7|140|3
1834|15399|14393|12|17|3
1835|-20280|23199|11|202|3
1836|-23483|16110|11|174|3
1837|-2018|-7220|2|95|3
1838|-14607|-16392|4|90|3
1839|4390|16376|10|29|3
1840|11724|17561|12|76|3
1841|1467|4206|1|102|3
1842|19040|11819|12|59|3
1843|3430|13937|10|29|3
1844|7146|5864|12|219|3
1845|23929|20324|12|80|3
1846|9774|11437|12|178|3
1847|2050|-18968|13|75|3
1848|-20923|-63|8|150|3
1849|-14749|6489|9|175|3
1850|-11379|-952|9|144|3
1851|10849|-20781|13|84|3
1852|15432|-17695|13|15|3
1853|6609|4576|12|142|3
1854|-1579|21404|6|25|3
1855|11363|-2227|5|103|3
1856|-3774|-9973|2|64|3
1857|-13287|8392|7|63|3
1858|20139|13477|12|59|3
1859|14702|19208|12|217|3
1860|-9615|23509|6|47|3
1861|9765|20472|12|74|3
1862|8827|-20013|13|120|3
1863|-1117|18318|6|133|3
1864|2125|6533|10|22|3
1865|6352|-12280|13|149|3
1866|13382|5997|5|162|3
1867|22217|13503|5|207|3
1868|2684|-18456|13|75|3
1869|9778|14851|12|79|3
1870|-12243|5936|7|54|3
1871|22474|10414|5|216|3
1872|2753|-13116|2|211|3
1873|449|18619|10|126|3
1874|3046|3492|12|102|3
1875|5350|-18129|13|170|3
1876|7887|20414|10|74|3
1877|-20357|-18190|4|130|3
1878|18471|23750|12|21|3
1879|-5502|-8400|2|172|3
1880|-14737|-19962|4|187|3
1881|14531|19523|12|128|3
1882|-1823|-6603|2|95|3
1883|9622|5351|12|26|3
1884|-7003|-20475|4|104|3
1885|-8736|-21910|4|182|3
1886|-12983|-21808|4|70|3
1887|12176|-21112|13|190|3
1888|18959|20182|12|112|3
1889|3138|-12995|2|211|3
1890|23559|1087|5|82|3
1891|-11821|-21804|4|70|3
1892|-13754|167|9|105|3
1893|-12688|21453|6|45|3
1894|-12532|-17918|4|91|3
1895|16384|1664|5|36|3
1896|-19604|-7945|4|136|3
1897|-11266|540|9|144|3
1898|-13878|7360|9|175|3
1899|-12547|-8110|4|165|3
1900|22289|-21099|13|94|3
1901|3903|6143|12|22|3
1902|1920|22885|6|177|3
1903|19951|-6722|5|181|3
1904|-6029|7682|1|43|3
1905|11349|-19945|13|190|3
1906|-11585|11189|7|97|3
1907|-16390|-23249|4|187|3
1908|-23676|18999|11|174|3
1909|21123|9219|5|216|3
1910|-15529|-10179|4|53|3
1911|2674|-3725|2|19|3
1912|6335|-19278|13|120|3
1913|11988|-15372|13|195|3
1914|1875|-552|1|151|3
1915|-12308|-10456|4|53|3
1916|-11|18154|10|48|3
1917|-19661|-5909|8|136|3
1918|3537|23599|6|177|3
1919|11038|3319|5|193|3
1920|-20332|3799|8|150|3
1921|-18253|-18932|4|89|3
1922|-17418|-23068|4|187|3
1923|21255|6525|5|107|3
1924|23622|11474|5|216|3
1925|-6665|7777|3|43|3
1926|12909|19179|12|76|3
1927|14660|14255|12|109|3
1928|16504|-19635|13|65|3
1929|23193|14627|5|207|3
1930|-19118|23347|11|202|3
1931|-23716|3879|8|60|3
1932|-10396|-9890|4|165|3
1933|15417|-4218|5|141|3
1934|-9075|15430|6|158|3
1935|1194|21371|6|159|3
1936|-12030|-1810|9|157|3
1937|-7225|-9903|4|172|3
1938|-220|9019|10|188|3
1939|-18597|-22895|4|187|3
1940|-2259|-10409|2|64|3
1941|-8754|-2194|3|215|3
1942|-23970|-12961|4|201|3
1943|-14577|-4361|9|114|3
1944|-3156|-4802|2|88|3
1945|10006|-18369|13|190|3
1946|19148|13234|12|59|3
1947|17900|-5184|5|181|3
1948|-17789|10470|9|204|3
1949|19756|-6442|5|181|3
1950|-20371|-1436|8|213|3
1951|19434|-8895|5|35|3
1952|3230|4555|12|102|3
1953|-5406|19130|6|25|3
1954|1065|16663|10|48|3
1955|-10783|-2105|9|157|3
1956|17872|-20636|13|42|3
1957|-5412|-1367|3|146|3
1958|12358|6743|12|162|3
1959|22909|15800|12|92|3
1960|15242|-23307|13|27|3
1961|2942|-19748|13|143|3
1962|-18843|245|8|213|3
1963|23907|-5023|5|181|3
1964|21528|23261|12|21|3
1965|7318|15092|12|79|3
1966|6449|-11189|13|58|3
1967|22382|-5432|5|181|3
1968|8577|3161|12|193|3
1969|-20752|20117|11|98|3
1970|-8753|10920|7|171|3
1971|13501|-12134|13|195|3
1972|-22291|14972|11|180|3
1973|4729|10360|12|119|3
1974|-19109|13825|11|180|3
1975|-17675|22238|11|202|3
1976|-10255|-1597|9|144|3
1977|-10869|-7523|4|165|3
1978|-8047|21892|6|47|3
1979|-6604|17912|6|184|3
1980|-7723|9057|7|43|3
1981|-13256|7750|7|175|3
1982|-14234|4881|9|175|3
1983|-4033|-17488|2|122|3
1984|1325|6274|10|22|3
1985|-10125|-14124|4|39|3
1986|16927|-4265|5|181|3
1987|-6917|5351|3|93|3
1988|20119|-15880|13|51|3
1989|13100|17222|12|110|3
1990|-17062|-21483|4|187|3
1991|9032|-23766|13|127|3
1992|-14146|9157|7|63|3
1993|4983|-19289|13|143|3
1994|-9173|-13276|4|39|3
1995|-15831|23202|11|173|3
1996|-12270|23177|6|200|3
1997|-14907|-1969|9|166|3
1998|-13123|-18470|4|91|3
1999|-3835|2973|1|93|3
2000|22289|937|5|82|3
2001|22497|-19559|13|176|3
2002|23540|1618|5|82|3
2003|-2403|-6500|2|95|3
2004|8644|12354|12|178|3
2005|-6589|-16375|4|122|3
2006|-17725|14975|11|180|3
2007|-23520|23317|11|174|3
2008|22753|-3615|5|71|3
2009|-4647|4775|1|93|3
2010|-18188|8691|9|204|3
2011|-11025|-15096|4|39|3
2012|-19246|-20876|4|89|3
2013|-13511|12720|7|167|3
2014|10724|20019|12|124|3
2015|1451|-4268|2|125|3
2016|5620|-20454|13|143|3
2017|7271|7595|12|33|3
2018|-1461|-1592|1|163|3
2019|12700|15516|12|110|3
2020|-6812|18767|6|184|3
2021|-8619|1520|3|93|3
2022|15648|15238|12|17|3
2023|15740|-5320|5|141|3
2024|18068|-15690|13|101|3
2025|15824|-18582|13|15|3
2026|-2270|-22594|2|44|3
2027|-6667|2399|3|93|3
2028|7333|-5764|2|198|3
2029|-4783|2781|3|93|3
2030|-10350|-11343|4|14|3
2031|-15382|-18051|4|187|3
2032|-13936|-14299|4|90|3
2033|-7636|14846|6|158|3
2034|-7359|17860|6|184|3
2035|5713|5040|12|142|3
2036|-22594|19006|11|174|3
2037|2743|995|1|156|3
2038|-2485|-10430|2|64|3
2039|2195|-21365|13|194|3
2040|21365|-11975|13|221|3
2041|18679|18676|12|112|3
2042|1460|41|1|151|3
2043|7367|13007|12|186|3
2044|16122|-2327|5|78|3
2045|10580|-18416|13|190|3
2046|-15019|11643|7|167|3
2047|-20875|-15690|4|100|3
2048|7659|-13371|13|149|3
2049|-19484|-9967|4|116|3
2050|5180|16604|10|61|3
2051|-12746|15548|6|145|3
2052|-23295|6234|8|60|3
2053|-8274|2261|3|93|3
2054|-13766|18850|6|197|3
2055|-8071|7099|7|43|3
2056|-18160|-15306|4|123|3
2057|23252|-3623|5|71|3
2058|-261|-13145|2|83|3
2059|-23178|4089|8|60|3
2060|142|19770|6|126|3
2061|10475|17517|12|124|3
2062|-23684|4100|8|60|3
2063|-14428|-10306|4|53|3
2064|-11867|-971|9|144|3
2065|3597|15980|10|29|3
2066|-115|-1304|2|163|3
2067|7290|1991|12|142|3
2068|-11438|20016|6|164|3
2069|-18460|20374|11|98|3
2070|2372|1834|1|156|3
2071|2216|-8702|2|32|3
2072|5929|-13190|13|149|3
2073|-21666|4138|8|60|3
2074|-14253|570|9|105|3
2075|-12311|-18429|4|91|3
2076|-22155|-13400|4|201|3
2077|-3611|-8360|2|64|3
2078|21306|-11421|13|221|3
2079|1267|13803|10|138|3
2080|995|-14062|2|111|3
2081|15769|-1994|5|78|3
2082|-11915|-1483|9|144|3
2083|12624|-20849|13|190|3
2084|4405|17891|10|61|3
2085|15732|7600|5|68|3
2086|18755|-16394|13|101|3
2087|-5726|7647|1|43|3
2088|-23340|-3957|8|192|3
2089|20125|-4363|5|181|3
2090|11374|-17486|13|190|3
2091|-21768|15947|11|180|3
2092|-3656|16394|6|117|3
2093|-22834|4091|8|60|3
2094|-15349|-8125|4|53|3
2095|3742|-22738|13|194|3
2096|-3375|-905|1|146|3
2097|-17272|-20539|4|187|3
2098|15433|-10717|13|135|3
2099|7872|4153|12|193|3
2100|-10681|-8734|4|165|3
2101|1132|-7692|2|32|3
2102|22336|19531|12|80|3
2103|-13774|2230|9|214|3
2104|21546|14109|12|92|3
2105|228|-7635|2|95|3
2106|19852|15393|12|92|3
2107|-13582|-13574|4|90|3
2108|7922|17070|12|154|3
2109|-19550|-15843|4|100|3
2110|-13807|18382|6|197|3
2111|8853|-5139|13|147|3
2112|16223|10420|12|179|3
2113|-5279|-19917|4|104|3
2114|-6351|-7339|2|209|3
2115|-19359|18915|11|98|3
2116|8467|-2922|5|183|3
2117|4407|5015|12|22|3
2118|-17241|21197|11|98|3
2119|20871|8930|5|73|3
2120|15809|-21885|13|27|3
2121|6974|18723|10|61|3
2122|14908|-11912|13|135|3
2123|-7191|4390|3|93|3
2124|-21610|-13101|4|201|3
2125|2673|16888|10|48|3
2126|22949|-14064|13|77|3
2127|14370|-21105|13|206|3
2128|17339|19801|12|217|3
2129|598|22488|6|177|3
2130|14436|1213|5|36|3
2131|-10613|10040|7|115|3
2132|1777|13272|10|18|3
2133|-2593|-17608|2|122|3
2134|6006|-3895|2|134|3
2135|-10809|-23118|4|205|3
2136|-15220|5294|9|175|3
2137|-2728|-3133|2|146|3
2138|18535|1196|5|131|3
2139|-11292|-22789|4|205|3
2140|-17110|4388|9|214|3
2141|20157|-21568|13|176|3
2142|5544|-2548|2|19|3
2143|1414|-14055|2|111|3
2144|-23063|17834|11|174|3
2145|16001|19833|12|217|3
2146|-8025|21311|6|47|3
2147|-20797|19175|11|98|3
2148|9039|7373|12|40|3
2149|-4740|-16635|2|122|3
2150|-11777|-19346|4|91|3
2151|-21541|19791|11|174|3
2152|-11108|-524|9|144|3
2153|3181|16418|10|48|3
2154|-14716|-11810|4|90|3
2155|1365|-22428|13|67|3
2156|-19417|2808|9|150|3
2157|11527|-8790|13|212|3
2158|-10620|5557|7|54|3
2159|11966|-22402|13|153|3
2160|-17153|-12515|4|116|3
2161|5477|-15210|13|170|3
2162|9990|-1607|5|103|3
2163|16025|-20465|13|65|3
2164|18024|11731|12|59|3
2165|17131|4045|5|36|3
2166|-1878|-8630|2|95|3
2167|-20791|-15016|4|100|3
2168|-17301|-769|9|213|3
2169|11065|9332|12|66|3
2170|6448|17379|10|61|3
2171|4951|8067|12|137|3
2172|-14588|-21920|4|70|3
2173|4311|2080|12|102|3
2174|-11929|3522|9|50|3
2175|21993|9549|5|216|3
2176|-5721|20637|6|49|3
2177|14027|-16560|13|15|3
2178|-17579|-23513|4|187|3
2179|6884|5958|12|40|3
2180|22228|12352|5|207|3
2181|-10663|20918|6|210|3
2182|13134|22198|12|128|3
2183|-18436|13198|9|180|3
2184|23557|-20930|13|94|3
2185|23945|10712|5|216|3
2186|-21379|7264|9|72|3
2187|-2496|3780|1|55|3
2188|1134|-430|1|151|3
2189|-7761|5337|3|93|3
2190|-7076|-21167|4|104|3
2191|15640|6070|5|68|3
2192|3769|-22983|13|194|3
2193|17175|5823|5|169|3
2194|-2750|2964|1|55|3
2195|15677|21512|12|128|3
2196|-6420|-15827|4|122|3
2197|-12343|-21675|4|70|3
2198|11758|12287|12|20|3
2199|-15501|4446|9|214|3
2200|23612|2556|5|82|3
2201|21352|12038|5|59|3
2202|-5603|3486|3|93|3
2203|1016|19214|10|126|3
2204|22266|19014|12|80|3
2205|-18955|2888|9|150|3
2206|2943|-14691|2|24|3
2207|888|5053|1|22|3
2208|10964|-19111|13|190|3
2209|-16651|4152|9|214|3
2210|-3223|18260|6|25|3
2211|-19835|-14004|4|123|3
2212|-17027|-4901|8|166|3
2213|-19148|-14794|4|123|3
2214|5617|13236|12|186|3
2215|11131|-18723|13|190|3
2216|-16838|18539|11|98|3
2217|18670|2276|5|131|3
2218|4872|13611|10|29|3
2219|717|9840|10|188|3
2220|-19668|19281|11|98|3
2221|17313|4116|5|169|3
2222|2648|10071|10|188|3
2223|17637|-12636|13|135|3
2224|-7609|-934|3|215|3
2225|12722|11386|12|20|3
2226|21124|23887|12|21|3
2227|-8360|14263|7|158|3
2228|-11302|5814|7|54|3
2229|-221|744|1|55|3
2230|10929|-17239|13|190|3
2231|-6043|9270|1|43|3
2232|5760|5381|12|33|3
2233|22571|-4611|5|181|3
2234|-5397|2214|3|93|3
2235|12294|-5991|5|106|3
2236|-2248|23289|6|25|3
2237|-4552|-14740|2|122|3
2238|8622|7703|12|40|3
2239|-15748|-3781|9|166|3
2240|23689|-19115|13|94|3
2241|-15274|-19926|4|187|3
2242|21573|15180|12|92|3
2243|5190|16728|10|61|3
2244|7314|-14740|13|121|3
2245|-9913|5492|7|140|3
2246|6118|16512|10|61|3
2247|-8889|1519|3|93|3
2248|20887|12677|5|59|3
2249|10663|-10050|13|212|3
2250|-3563|-15886|2|122|3
2251|-1403|-13348|2|83|3
2252|18601|2521|5|36|3
2253|14776|-22577|13|206|3
2254|-1707|-4610|2|88|3
2255|-22930|10694|9|160|3
2256|-142|10002|10|185|3
2257|20131|-399|5|23|3
2258|-11411|-11296|4|31|3
2259|2363|-2878|2|19|3
2260|5397|-22040|13|143|3
2261|-2808|-13579|2|37|3
2262|-14052|9927|7|63|3
2263|6341|-3431|2|134|3
2264|7210|-22052|13|28|3
2265|-3547|-3323|2|146|3
2266|-20405|-7794|8|152|3
2267|-10363|11837|7|97|3
2268|15973|-1676|5|78|3
2269|-13423|-22061|4|70|3
2270|-8988|-15876|4|39|3
2271|-17343|12879|7|180|3
2272|12327|-7940|13|106|3
2273|16858|-8857|13|35|3
2274|-16906|8714|9|63|3
2275|-7485|19037|6|184|3
2276|-10980|-16682|4|108|3
2277|7138|-7905|13|52|3
2278|-2350|6502|1|155|3
2279|14771|11516|12|199|3
2280|5964|-10210|13|218|3
2281|-15327|-12267|4|90|3
2282|-6031|15390|6|117|3
2283|1233|6605|10|22|3
2284|3618|14204|10|29|3
2285|15067|-250|5|78|3
2286|3290|-15423|2|24|3
2287|-1421|-14291|2|83|3
2288|19641|583|5|131|3
2289|5815|20690|10|69|3
2290|23332|-10183|5|203|3
2291|2282|1292|1|156|3
2292|17103|-1220|5|131|3
2293|6668|2974|12|142|3
2294|23221|-15247|13|77|3
2295|22042|22457|12|21|3
2296|18275|-23949|13|42|3
2297|-20944|-22463|4|130|3
2298|-6730|-2695|3|87|3
2299|-23435|-18793|4|130|3
2300|-12096|19583|6|164|3
2301|15359|-17160|13|15|3
2302|-2182|13718|10|185|3
2303|-4780|14429|10|117|3
2304|22009|-6672|5|203|3
2305|19879|21407|12|21|3
2306|-15158|-17412|4|187|3
2307|-408|-6909|2|95|3
2308|-15452|-6715|4|114|3
2309|22878|18178|12|80|3
2310|7473|14143|12|186|3
2311|5052|6540|12|33|3
2312|1329|16043|10|48|3
2313|5397|-3944|2|19|3
2314|-15778|-17600|4|89|3
2315|8086|-10425|13|58|3
2316|-4935|-14256|2|122|3
2317|19563|-17596|13|101|3
2318|14113|4570|5|162|3
2319|-15691|10030|7|63|3
2320|-21282|-15515|4|100|3
2321|22968|-12177|13|77|3
2322|11728|13043|12|20|3
2323|6145|7359|12|33|3
2324|-23255|22737|11|174|3
2325|-7902|-16518|4|108|3
2326|13402|-5913|5|141|3
2327|842|-2202|2|125|3
2328|5639|17622|10|61|3
2329|-10718|5265|7|54|3
2330|19641|6984|5|38|3
2331|23826|21438|12|21|3
2332|-12627|-16487|4|39|3
2333|8945|4665|12|193|3
2334|19291|-10846|13|221|3
2335|3785|16988|10|48|3
2336|-10448|21518|6|210|3
2337|11623|-9541|13|212|3
2338|3124|23845|6|177|3
2339|-11911|-1162|9|144|3
2340|18101|21038|12|217|3
2341|19497|18313|12|80|3
2342|-8038|-12816|4|16|3
2343|-1048|22610|6|177|3
2344|-19884|-16157|4|100|3
2345|-8313|20437|6|168|3
2346|-6643|-89|3|93|3
2347|7620|22306|10|74|3
2348|-21272|18321|11|98|3
2349|10030|-12062|13|85|3
2350|14811|10959|12|199|3
2351|18501|-21390|13|42|3
2352|743|10840|10|138|3
2353|-627|-18245|2|75|3
2354|3341|-19462|13|143|3
2355|-14286|16421|6|145|3
2356|7986|-12226|13|58|3
2357|-18813|-3889|8|213|3
2358|16780|-10727|13|135|3
2359|4646|-9099|2|218|3
2360|-22476|-12626|4|201|3
2361|-13448|20663|6|45|3
2362|6958|8809|12|41|3
2363|-17114|3109|9|214|3
2364|-10029|17777|6|158|3
2365|15480|2520|5|36|3
2366|9145|10464|12|178|3
2367|-5553|21573|6|49|3
2368|-19722|8056|9|72|3
2369|-18932|767|8|150|3
2370|18036|21365|12|21|3
2371|-6957|-16021|4|122|3
2372|-22972|11370|9|160|3
2373|5775|3800|12|142|3
2374|-10885|-12533|4|113|3
2375|4553|3668|12|102|3
2376|9785|-18003|13|190|3
2377|-16418|21840|11|173|3
2378|-7994|1863|3|93|3
2379|597|10830|10|138|3
2380|7831|-22762|13|127|3
2381|21629|20311|12|80|3
2382|-3711|-6475|2|209|3
2383|20924|10904|5|59|3
2384|23158|1811|5|82|3
2385|6786|461|5|86|3
2386|-8096|-21862|4|182|3
2387|-6278|9887|1|43|3
2388|18626|-1954|5|131|3
2389|22840|5611|5|107|3
2390|15333|-11126|13|135|3
2391|-3165|-21142|2|44|3
2392|22255|-7643|5|203|3
2393|16626|4309|5|169|3
2394|16973|-14668|13|189|3
2395|11023|2193|5|193|3
2396|-15871|12751|7|180|3
2397|-4764|-21014|4|104|3
2398|-9170|6098|7|140|3
2399|-19720|21167|11|98|3
2400|7197|9664|12|41|3
2401|-6553|15400|6|117|3
2402|93|7103|1|22|3
2403|-18493|-23698|4|187|3
2404|-8638|14795|6|158|3
2405|14101|-19821|13|65|3
2406|9252|8470|12|66|3
2407|-6437|-1213|3|87|3
2408|-16878|605|9|213|3
2409|17660|-14031|13|189|3
2410|18126|-15055|13|189|3
2411|-12851|16457|6|145|3
2412|2139|6937|10|22|3
2413|-8678|-19313|4|108|3
2414|7714|1743|5|142|3
2415|-14988|-7164|4|114|3
2416|-7268|1133|3|93|3
2417|15221|9973|12|179|3
2418|14394|20101|12|128|3
2419|-9434|-18347|4|108|3
2420|22088|-21164|13|94|3
2421|18920|18857|12|112|3
2422|12030|935|5|103|3
2423|13367|-12157|13|195|3
2424|13788|-4588|5|141|3
2425|9106|3257|12|193|3
2426|4223|22849|6|177|3
2427|1218|9138|10|188|3
2428|6624|16901|10|61|3
2429|-20270|19461|11|98|3
2430|-22281|6679|8|72|3
2431|22175|-15405|13|51|3
#
